10000
2790
2515
1434
1649
1885
1809
1393
2971
1219
2332
2188
987
1872
92
2145
2171
2891
679
1968
2868
1182
2062
1614
885
803
1420
11
2137
1493
951
1318
1251
1781
1778
830
455
868
1505
2013
2443
1313
500
267
2161
686
62
2194
1125
2894
245
2629
238
1208
1541
88
1795
856
2062
2353
1617
2902
952
2013
2428
2637
165
2160
158
248
2809
1677
1403
2669
2917
1689
2713
2704
379
521
2309
210
2276
821
40
1066
1504
1958
918
1704
2286
2917
2131
2250
2077
2191
466
191
501
1885
2273
380
1911
1208
2318
1378
1551
2193
1667
400
2618
2198
1858
265
2886
2275
2923
551
1012
586
1430
1490
985
304
1083
737
970
2896
2843
2007
1513
469
2204
953
2236
2592
443
2958
756
1013
456
2603
2226
1873
2755
645
1698
1882
1602
915
1102
2863
2984
1844
524
753
2405
137
2318
1510
1519
76
354
665
236
1452
971
609
540
2419
2343
868
1299
2775
2363
2058
2447
783
755
2930
2228
1837
1275
454
2900
353
2115
1013
1792
250
2999
1857
2659
1633
1376
217
1524
2338
446
183
561
2842
472
219
2489
1305
809
658
1909
2658
2987
1701
2033
659
314
834
2683
942
2315
61
272
409
104
154
1020
2752
1168
427
1593
1942
2434
1517
2767
449
1563
1654
712
785
2057
1118
220
245
1629
1717
1128
1983
1221
296
2866
2885
1332
1489
94
2917
302
932
2298
357
1006
489
650
1732
2536
697
1104
149
8
2052
639
509
256
1107
1008
1730
538
1348
1747
1352
12
2402
2819
2392
1562
1361
868
2009
1553
2302
256
1630
458
2773
2168
972
1933
32
2000
708
2353
317
2222
1807
148
773
15
668
1051
1791
1587
900
39
1741
2298
1544
2253
643
2924
1435
1690
1806
579
1613
2700
2994
291
2175
2106
2503
1253
442
2009
673
1496
55
951
2605
2644
2047
2189
146
2558
2716
2391
869
2386
723
1044
1115
2764
2320
1845
830
2854
1840
8
1631
1814
1103
1138
1216
736
890
1473
1071
2287
680
342
1649
1630
1156
6
1731
2350
2899
762
1038
978
141
161
1190
2520
2876
184
862
30
771
2263
2228
1580
1588
1593
687
1377
1983
570
1349
2880
163
1529
637
76
712
2865
1249
493
2334
638
2824
1323
1944
484
1054
1814
2554
2081
2799
2312
306
170
2829
2192
2658
753
2105
859
484
169
770
1566
92
2789
1130
427
2282
2651
2232
220
2294
613
531
516
2151
1332
1524
1783
505
1563
1143
661
1584
813
506
671
2094
2629
2057
453
2637
1321
2210
1484
83
123
1227
1884
2161
1458
625
840
2008
2254
2414
216
251
2810
107
2332
2048
2577
976
2609
2683
1147
45
1016
880
2568
1240
2203
954
265
1472
40
24
2910
68
2656
1636
469
1903
1643
2061
1311
2370
2977
979
1816
2948
2269
775
1709
1712
2958
2242
2846
1633
2783
2785
779
1172
1256
1462
1428
1764
2700
885
1658
2596
2634
2292
1620
1655
1267
1398
1284
343
87
1127
2344
2603
2467
1092
592
234
2632
1529
1206
1627
1990
2309
148
430
1133
2346
505
707
1729
2045
2364
1309
1798
106
1284
2413
1798
67
551
188
1355
835
2831
2914
276
1870
1132
2939
2246
1489
2800
758
2137
936
1873
1694
2181
732
853
456
1659
2712
804
1982
2848
2169
1776
2185
2647
1485
1781
1876
1100
2337
690
2965
2936
218
359
1277
2658
2324
2124
1747
2094
191
1183
1246
617
3000
1341
1709
2378
1052
1008
436
1988
2187
74
2782
1702
1540
47
450
1521
238
223
1227
834
1252
1017
1419
1324
775
2563
2829
1330
1752
1728
1010
348
1911
1320
422
691
237
719
2805
403
265
2905
1404
991
2058
259
2974
1023
2425
308
1509
1980
368
2249
709
200
1907
185
1357
940
1582
831
421
1094
2573
1438
764
971
1581
1213
1783
2262
2287
2711
144
950
1270
142
1282
1651
83
2234
378
2178
1987
96
602
519
48
1739
814
177
33
428
2348
130
2497
184
2915
526
878
179
1914
1548
376
1504
2163
1645
821
1729
701
443
2419
2338
46
2163
2578
942
2807
588
1489
213
288
2770
1393
2606
2993
1583
1648
1993
1780
1212
609
1662
2850
1791
650
1400
1917
2553
1461
1609
563
680
915
846
1313
163
499
97
1069
2990
158
2299
1578
1661
2064
1300
576
1429
2158
298
2169
1635
2153
1140
1791
1938
1091
2404
1363
455
2762
727
789
2974
1037
245
1858
1269
666
296
1365
1426
870
2296
1880
957
2227
2619
2800
523
2544
1778
973
982
2340
1759
251
2260
388
802
2203
731
2868
1058
1848
2893
1496
1447
2429
221
840
2106
1610
152
1147
367
374
107
2666
444
578
2520
288
313
2203
910
843
1665
1903
2677
774
2426
1695
1517
1714
2754
2103
2576
1880
2785
1776
2984
2776
2416
2824
855
1502
196
1619
1846
2823
1007
1744
218
2139
866
1592
176
460
1483
554
2137
668
788
2235
10
292
1732
1619
736
2370
1166
2504
2944
1113
2704
1390
1815
903
2597
852
2517
2114
357
2036
1598
905
623
2487
2953
2201
2821
2995
911
2420
2556
1802
58
995
2781
2710
2351
751
1190
2637
859
362
719
2806
357
2649
600
2620
543
55
1707
2620
904
2065
2643
1968
1842
1983
1051
1079
495
750
1045
2594
2858
38
2220
2399
699
2534
669
156
740
1943
2886
1458
2872
1940
557
824
1497
1086
1548
1639
2013
55
2960
1138
1783
2994
1258
2610
172
167
1508
6
2800
2289
2255
1263
2113
2466
682
339
905
2013
380
2135
1213
1080
2418
2831
640
2150
600
2892
926
1616
610
516
1921
2622
2874
364
1838
2279
1534
2905
1804
1114
2951
397
760
465
2752
2609
129
2183
1107
870
1912
1594
1767
2417
1107
771
729
1517
847
1165
601
1454
333
2461
2280
2281
1082
1116
443
1066
946
2224
629
2012
2117
2233
296
1407
639
2482
1087
2093
1476
652
2187
286
2883
977
2431
403
2257
132
1958
2903
2556
1705
1558
2873
2728
2177
2390
1548
2201
506
203
2196
2303
589
343
920
2543
1597
206
1384
1608
1828
1864
2077
295
526
86
662
1632
1390
2765
2582
2079
2868
1984
2535
1412
2041
1114
355
1694
2792
1434
1625
2282
256
2770
2975
1020
2833
2676
27
838
2916
765
1326
235
134
1143
1834
1407
2238
939
1606
1559
198
2752
536
2358
1608
2792
2335
2916
1629
494
984
2502
446
2268
762
1597
62
1225
369
714
1511
1972
2250
1453
2270
1089
335
1860
1378
362
2507
1925
239
236
516
2752
1250
774
443
2877
2682
2362
559
120
2495
1995
889
2311
2403
1043
1438
586
2234
1178
94
192
865
2013
1484
890
1087
226
239
2968
2016
2699
1817
773
1262
1588
1865
652
1316
581
2249
2471
380
538
428
2982
2766
1704
1892
2233
2083
2683
1910
622
298
2800
2066
1878
1289
1172
1074
2811
480
2560
376
2826
2587
2032
362
1322
1351
361
1423
363
1193
60
1086
2645
981
2304
2494
1499
2284
217
272
2067
996
1045
1464
2011
2040
1179
2916
469
1965
152
2793
1977
805
820
1670
715
662
1345
252
1968
2884
1230
450
1042
462
1129
1586
166
778
1305
2804
300
724
1679
2857
2998
599
730
2980
60
18
2851
1770
1442
1609
2366
456
2388
1388
2021
2127
158
2022
2844
1107
2304
2951
1234
765
825
470
2230
2235
2466
1127
2299
2004
366
2884
684
2282
1972
2256
1975
1766
3000
2723
2466
2627
1326
555
1905
2228
2170
198
1505
1813
2398
2062
2179
2477
2820
2253
397
2948
424
431
1603
1996
2246
1513
1113
2106
695
2361
353
2083
2294
1526
1351
2335
1940
237
1224
2288
110
997
2537
127
2946
2051
2758
2288
2756
2453
1882
2128
403
298
813
947
1916
591
550
1557
2428
2433
2245
906
745
2817
1078
362
2877
1944
1436
171
574
1276
861
88
1996
201
1979
352
2680
1746
2866
1000
2919
1699
348
1826
141
605
2293
437
2307
1815
536
278
2013
136
299
1716
25
1642
1032
354
2385
736
1149
1433
2694
2615
2200
1122
273
646
623
271
1837
630
970
1009
774
1633
720
1790
974
1225
2755
905
1009
2535
2561
2146
900
2986
839
1033
1898
312
758
2825
479
2623
1055
2983
1249
647
1008
2616
1146
780
1416
961
951
537
2582
2490
1779
441
2361
2490
960
2485
772
1687
152
2429
2516
604
2452
133
2645
2740
2566
824
2933
995
1186
1496
909
2492
1039
1379
2742
1969
2989
1360
2729
865
330
163
893
1591
1995
362
2406
2282
618
1730
932
1837
467
2799
996
2436
1174
658
2401
73
834
1856
39
1792
1326
15
1404
1054
2840
756
639
891
216
2599
2626
2158
277
807
2999
96
599
2663
2839
1594
1852
536
1026
701
97
1532
1164
1300
2892
458
230
2823
139
2237
1596
159
2660
564
968
566
1166
649
1504
1579
2673
16
1827
2174
194
1343
1078
1207
1678
1
816
2075
405
505
2276
1393
762
1127
374
2917
790
2527
1231
1011
303
548
2195
2837
2861
571
178
1795
1200
1319
2972
963
130
1039
1885
2182
184
1904
2790
755
956
1966
878
2411
530
1097
1884
626
1524
1024
2950
207
1878
1496
354
336
1530
2960
1526
532
2941
2881
711
2220
1531
2879
1546
1606
32
147
1888
410
613
677
271
1636
1191
1241
2577
71
1281
618
722
1889
1805
76
2080
1363
2244
1378
2595
2530
1001
2946
1289
276
748
1577
581
1377
2022
232
314
1765
2235
1014
2946
2913
728
2800
902
146
583
1339
1997
775
1927
2127
1918
2489
2876
909
1722
2923
675
401
995
1332
1550
366
1670
2358
1218
2982
413
2664
389
2614
2142
1760
1338
2474
461
705
1314
791
2175
1593
2384
2304
143
233
1201
2867
1808
2323
2280
178
1584
2280
1154
1366
747
1281
2712
438
1247
2222
1021
2885
1218
1207
1746
2673
468
1998
2252
1771
2069
913
1854
1416
1616
674
592
2350
236
2554
1127
2058
715
2384
1423
301
2611
1665
72
1051
73
1119
725
1759
760
1187
1751
2009
2734
1814
2985
1658
1544
1683
2069
2809
2182
2555
608
2698
2383
1125
1828
24
859
379
686
2097
13
951
1220
2878
758
2832
1272
803
479
1349
1244
2834
804
1150
2526
2524
1806
2172
2500
1086
647
274
2158
665
1258
1064
2342
1881
949
55
761
1241
1241
2181
1139
1623
2143
398
81
1402
728
2880
973
625
2210
23
2318
827
2793
2036
2853
1745
729
2014
1433
1531
1381
2110
294
2880
819
2809
2237
85
1450
1318
2483
306
688
1520
2982
1787
2035
2031
1992
497
8
1671
1518
2488
1362
967
2678
829
2881
2369
1870
2947
535
2967
1419
599
225
2884
233
2479
2288
861
505
2337
1093
2603
402
1513
1402
405
2719
2571
2208
1742
634
1431
2382
1890
2958
1664
2149
38
2690
1676
1697
1955
696
2106
2724
1998
2313
97
184
1318
1241
2901
1325
2314
220
620
1663
1550
758
285
1387
2023
2204
1258
946
2277
471
924
2226
1345
148
2247
1888
2075
2801
278
206
300
1142
1513
1782
2402
867
2590
2694
915
1002
1311
383
2786
2531
2296
584
1360
2654
928
1058
1509
621
1048
1200
2033
639
2397
1853
413
2112
1557
2263
2466
2506
2657
1024
2403
1279
1814
745
317
2559
2717
2999
626
1022
1177
2114
1745
545
1989
1978
2359
1531
2054
507
2956
2182
382
1830
2920
1478
78
760
834
2537
2971
323
1834
1041
1166
1786
261
1562
2456
901
662
2729
208
2749
2733
840
1787
2538
858
2666
1566
1430
86
1695
655
762
2658
2751
1409
394
1496
275
611
76
1941
798
343
2753
2961
2711
1941
715
1639
1507
600
938
611
2239
1700
1771
1324
164
2348
2167
963
2093
2548
2266
748
896
1243
2499
2715
2804
2320
828
2844
1566
1531
660
2145
2710
2708
1044
690
1512
2778
1001
1885
614
1975
1238
2154
1426
1601
1172
834
1465
954
87
2568
593
1936
1594
599
215
703
948
1591
969
1447
58
2396
300
1867
2925
2519
1903
1920
1473
2572
1945
524
780
2897
1738
2288
2746
2580
402
271
1854
1466
97
1515
1773
1722
2345
1315
433
2018
696
2167
1495
793
893
2880
2457
950
1143
1207
1739
241
681
1799
175
11
1360
1166
2671
2952
905
2236
1293
1331
2017
37
110
1532
1161
731
1133
161
41
2204
174
2443
220
298
2524
218
60
2459
2402
485
157
1753
1451
1257
1074
1894
1295
2005
2687
6
1669
2301
23
62
2343
1986
1719
102
1784
1922
691
2318
2056
1775
385
2125
521
1933
2067
2398
1480
535
1455
34
424
2332
2360
2887
2174
1848
1901
2027
2134
1894
1280
964
1063
1092
2965
2901
2020
1037
1189
611
2102
278
1033
1293
267
822
406
1353
310
1087
2205
1210
2764
597
2773
1830
2958
1681
1300
861
1972
487
1243
2908
514
1985
1392
2185
1694
1667
1570
2856
2913
1063
2083
1325
1208
2730
436
1282
2044
2114
1026
1434
136
2550
819
2399
2323
2117
2199
1564
970
422
713
1231
1777
1606
2066
2779
928
203
1659
2390
676
2482
2503
550
392
657
2643
396
2151
537
203
2214
2637
1446
2709
781
1788
26
378
1681
1910
2861
2520
1049
1335
384
1227
1807
1669
396
2079
452
2308
1847
1997
1010
1739
2825
885
2181
2649
838
1863
2349
2039
2516
2258
2709
2874
2486
2870
574
965
718
2641
382
641
1080
2638
358
776
2218
1394
1072
1539
762
638
40
1856
200
2589
2252
2241
2845
636
449
2485
557
896
2159
1291
710
2565
2460
1898
47
119
2304
2197
350
814
2357
259
190
1180
1081
927
2126
673
691
2770
2433
2852
1341
1031
1178
1093
2672
1723
2622
2348
2979
2419
252
187
478
2825
863
2361
2810
395
2664
1680
699
1416
94
2037
1310
2558
2171
2634
1956
1642
1197
194
522
1921
2610
714
2806
2809
68
675
974
98
2196
1223
1032
1162
2879
2562
1684
1277
2289
891
721
502
1168
282
2066
2250
2263
2435
2467
64
1260
649
1329
2144
2066
691
2533
886
1141
165
267
801
224
1094
569
973
1416
1914
304
76
901
488
429
2058
2859
1810
2572
2547
2707
1255
511
1711
2440
617
2850
2882
1643
1292
869
1904
2434
2602
2541
2351
1530
2632
1232
329
1927
2871
27
2576
2722
2314
1513
2796
1884
1459
1680
1485
1129
2412
883
1136
1362
1957
341
488
2530
1520
225
2709
2074
890
1626
52
218
2206
1351
1084
2418
2647
2914
779
2103
2658
1440
205
2073
1109
2821
592
1885
1278
956
1273
195
1934
836
1529
1269
542
2748
1319
401
813
1977
2076
1161
837
2939
2482
441
282
1324
1763
1570
2535
580
1726
1523
1649
433
2555
1704
1548
1972
2644
1819
498
2285
2909
1948
2209
66
2523
1897
498
308
2334
2142
1617
1014
2824
632
785
2464
521
1306
1086
1403
648
97
27
2862
2769
2725
984
1775
641
663
2854
2518
31
516
2162
112
2272
2291
2765
536
579
2617
487
1954
522
2237
1115
2714
2595
2721
679
1897
918
2417
1277
733
1339
35
235
2509
2804
1293
319
2598
1555
1670
829
2247
2419
1553
1314
23
863
582
295
852
221
1384
1378
88
1706
1171
418
1957
584
1358
1513
933
257
799
1840
1446
639
1503
786
2305
1931
2533
785
2607
2182
96
196
797
890
1351
229
1794
608
1903
1182
747
1720
2091
1087
1026
1373
31
449
1220
1475
1526
2893
890
1041
1163
2716
1997
2576
2345
2007
2300
1496
2951
1094
2660
1828
2266
1887
1926
1064
1389
2222
2597
1566
2086
1845
1215
2699
1480
2049
1321
1620
211
996
1180
1534
2966
2509
2542
236
1078
494
2753
1735
1452
1057
2556
1891
836
2389
1165
1426
1082
2144
2738
897
1310
1916
1109
342
770
2123
1655
360
469
1121
1799
1323
629
231
2826
1156
2300
892
826
319
2188
1206
2806
2749
1959
822
2980
126
256
1857
2465
2066
1799
991
1528
33
1744
710
2743
2484
32
2567
773
235
384
2800
2074
918
545
1780
1848
1834
1361
1022
638
670
903
149
371
2982
1867
1302
2677
2355
29
2049
1954
1343
2827
401
1560
814
2992
235
1973
814
43
1572
1334
2745
1671
1459
1396
1141
1006
2366
1064
526
1528
2443
2781
983
1588
1762
131
1270
1120
594
1003
30
2154
2090
1248
2617
1617
1489
1122
982
2153
57
439
682
2813
2941
1362
418
1078
1515
2313
342
523
578
788
1286
302
2653
522
2533
1750
1508
1799
516
1408
2930
1005
1075
1777
1393
1538
1489
1235
2586
120
2457
928
268
328
1076
105
930
461
2568
2032
2810
655
492
1674
1935
1726
2139
1394
2145
2204
2831
708
797
501
435
2176
1303
503
1289
842
378
1876
1743
2221
1138
840
953
28
337
461
1588
2101
1877
2014
2656
843
976
2686
604
646
1972
2661
2685
1817
1099
103
295
546
2143
2011
676
2633
1434
1199
974
2931
7
2467
1211
965
1691
2056
2125
2093
1666
231
709
1335
1447
1101
1642
1727
393
2858
2565
1738
351
1800
1299
547
1280
897
1609
2575
2928
1611
2234
2826
2619
2074
1048
2577
1517
2936
352
2137
353
1652
2696
414
664
678
2168
1227
2462
1148
1823
2903
829
17
2327
1538
2906
1065
2492
319
146
322
1501
796
1109
707
166
2933
2594
2613
2296
742
2873
1815
731
1440
1257
328
1210
1359
1954
1302
2428
504
1783
1191
1716
901
2963
1976
2557
529
103
48
870
1482
1668
423
2050
1727
1967
821
85
119
1056
1532
381
641
2960
725
358
1455
533
353
568
1400
1803
678
194
541
2848
243
790
526
1888
976
833
1881
70
2608
2606
2022
1996
2293
258
2892
376
871
554
1412
2139
155
344
2745
2466
2363
1646
1703
2141
57
2557
189
1363
2405
1582
2309
917
451
323
1009
2432
1097
2898
1404
1797
1055
168
990
2927
1050
403
2031
913
436
2418
947
1846
2706
266
1646
2540
884
1058
1185
43
610
1873
1686
2893
1225
1677
2258
2556
2273
355
744
185
2774
1346
1357
2918
2284
1821
868
1841
605
1625
2004
1885
1188
2946
2751
335
2034
2760
255
825
2841
1486
1626
1705
78
556
2463
2869
1667
627
2944
1501
20
889
2340
1336
1798
2018
1923
2374
2725
1377
1636
2274
1768
19
1521
1013
134
1524
108
137
1683
2365
552
1615
1902
2206
2730
1104
240
2913
1689
2933
2047
2574
3
905
1194
520
256
1750
664
92
649
1273
1201
612
1630
843
804
1004
2655
1273
1892
407
2499
2579
2431
462
1131
1756
2151
1284
1405
1942
2081
1631
2143
1944
183
2794
1585
725
1731
2330
680
1765
2580
342
2452
2933
2827
1567
2144
491
2299
2673
1249
2735
458
1727
2197
2822
1049
863
1818
1327
2212
422
350
2631
304
1691
1131
1992
2889
2331
981
2384
2525
2947
796
2398
766
1230
1725
680
1953
1992
1859
2979
1991
543
1630
740
1716
61
2634
2499
1464
428
2065
2342
391
2691
2694
1499
1664
1759
73
1153
2122
543
624
2328
79
200
1967
2629
804
2811
2715
2409
1853
927
2643
2878
139
235
248
1287
38
2594
743
2388
662
569
1387
2671
1379
279
2113
2543
2046
2404
187
1809
407
2334
2838
1394
1409
2778
2200
590
2750
141
916
2258
1311
1484
1443
815
2786
1206
1390
89
1303
93
1196
247
2771
647
1548
2483
1163
558
1544
2761
1870
1138
2952
2093
2550
1240
2119
2468
893
625
2115
1957
1288
821
1072
1444
2683
1662
2192
116
1588
1690
111
2155
2361
2128
2945
2409
2980
1086
704
2985
2462
866
2298
2914
345
2079
1775
1128
1936
754
1174
1452
1251
2695
264
2025
692
2299
139
1695
1318
840
1997
2810
2260
149
2635
1792
203
1546
485
2330
1755
1227
522
1536
2756
2279
1669
1597
2399
1253
1542
1438
2746
1918
2757
851
377
2116
2382
2587
796
1392
2765
1127
2243
1181
732
1584
1824
1498
2736
79
2044
594
46
2451
2157
1251
2197
285
1185
2587
2655
2335
2280
2421
1589
83
1842
1888
1720
1702
360
1643
1990
999
2530
639
846
806
1211
1444
729
658
1398
2124
1033
2274
1088
1429
442
1468
1271
1936
2930
845
1494
1107
319
2668
1664
1225
2378
2843
1329
1262
914
2126
125
2740
2820
2713
863
676
70
1312
154
2623
1790
2183
85
976
1703
1946
222
1490
2655
1782
2682
2802
2976
618
1300
495
943
215
488
418
2841
2803
1411
1736
478
228
733
1589
2120
112
1253
715
1344
934
1691
1552
1586
1761
617
963
533
2901
1563
251
2583
85
2730
1223
1510
1992
771
708
371
2983
906
815
2513
400
1965
474
735
2553
949
2455
108
849
1233
435
2529
165
800
516
476
2666
587
1434
922
2559
1256
1875
1670
386
1252
2088
1818
221
2184
244
714
2762
639
1023
1025
2456
764
2254
1639
1960
215
1787
726
1214
586
7
2564
557
440
560
1874
78
2790
2003
2910
140
120
2549
536
1661
867
2732
2379
1021
1219
577
72
1473
2599
2422
2112
1624
343
626
2774
1745
407
572
556
2654
2099
1936
1460
1440
2683
1397
2302
1059
2183
1160
1937
518
1013
1448
2697
1306
373
126
2183
1854
1065
1476
2639
702
155
86
1770
2685
1175
1375
2791
2312
2436
1772
2424
2028
1204
1202
2800
2432
767
1129
2570
2890
1194
550
1472
2116
2631
1003
667
2547
613
2686
413
1818
1486
2084
1146
433
227
2546
2684
1481
1709
2959
2157
158
2362
51
1343
1388
398
1387
1203
1772
1676
949
554
1943
1362
524
2
2378
2049
1427
1602
925
2805
1300
1384
2355
2431
984
2708
2942
885
1177
1299
1250
692
217
2857
611
1900
314
1831
1478
3
2247
1791
2397
507
1903
712
2986
599
2317
1499
1288
2956
750
1293
395
1692
1995
1090
326
2875
1049
900
2724
1684
2492
209
2901
291
2024
2445
2469
663
2087
2430
236
1914
2021
2757
2619
391
639
812
772
1460
1377
2804
2438
1553
1599
517
611
2788
1384
1591
2533
708
1191
2666
1900
1971
2476
54
908
1288
2166
2325
2975
1718
2922
2018
1273
340
2752
227
1642
2539
2508
2704
587
1293
2747
1722
2508
224
1730
1096
1996
2399
1666
2020
419
1972
2912
1657
2888
383
1160
89
2633
806
1731
106
2068
2268
802
189
337
668
974
422
2186
2815
1073
109
2586
1832
1657
2348
1304
1683
2014
1795
1755
2411
2042
2189
1722
878
599
2797
2447
2586
421
1943
1871
1258
1616
2404
2727
2238
149
2560
2065
2902
528
616
2403
2100
1924
1139
595
1369
1110
1448
2283
1600
1733
435
179
1641
2907
909
738
697
1678
442
570
508
1198
379
2206
2198
2933
1603
1356
17
2701
211
1623
1823
1005
1247
388
244
1008
155
2584
1820
1358
1567
1785
2681
561
1105
2405
2841
213
1221
933
2306
2406
1781
2864
810
565
567
2585
758
1330
1497
1065
1925
203
815
1256
2709
2341
2220
2820
952
918
419
2497
2097
1796
1839
2739
2456
2343
606
439
2695
7
1892
1251
1344
1393
1773
138
147
1980
2283
2823
2151
2960
685
1161
2388
2309
1957
914
1060
1208
982
739
530
1461
2380
341
2945
1943
2116
172
853
1405
1637
2338
1010
1471
1347
845
2782
2093
8
1788
189
1846
2596
448
2405
2350
2368
892
1967
1127
1242
563
869
65
377
675
2842
2650
426
2036
1607
458
2519
90
1719
463
1616
281
40
1970
779
716
2300
1556
2386
2397
1704
2290
1314
796
1135
1658
2713
16
912
687
1194
20
2800
2374
2506
951
1028
94
1032
1200
2549
1270
2348
1074
2725
1120
426
1585
1620
1166
1689
1942
1668
1723
2993
707
2481
105
2374
362
2753
2908
1761
1598
1184
286
483
2023
2113
306
2341
2158
2854
759
1384
1370
2936
322
392
1754
1662
1743
1851
2591
774
288
1081
2787
1337
685
322
1115
2440
1540
1782
1538
1586
1545
508
1575
269
2314
2175
1044
2717
2666
14
1973
1419
2897
803
2328
540
1129
1339
2164
367
514
951
1929
2219
590
1736
2425
2213
1783
1217
1598
2675
1458
614
2849
696
525
2198
1030
1193
38
1646
831
1618
1643
314
447
2210
2526
221
2946
811
2974
785
1660
909
2485
574
740
740
2704
1935
1046
245
2729
1820
1981
767
2128
34
805
830
160
107
1058
1348
17
2303
2509
2410
416
2531
169
367
2586
1663
524
234
303
2519
1234
258
2602
404
2611
645
2170
590
2375
2534
529
894
1599
405
1444
722
1190
1434
355
1899
1443
2953
2339
2826
96
2420
1465
922
1887
1969
2766
613
1556
262
2006
2592
340
2151
1842
270
1616
729
1988
1812
961
2308
969
981
2635
632
2029
1273
668
2390
2923
618
1777
1498
1922
952
1728
446
2675
2585
426
169
2980
1948
2712
1797
1212
1061
644
1022
964
2839
2817
2205
2479
2252
251
1450
1808
1659
735
2379
103
1823
1574
1751
1028
404
2485
1623
651
1521
2662
42
1086
2475
222
607
459
2282
2640
1533
860
606
1928
1177
1262
1523
1926
2434
2629
2868
1032
1461
2574
1407
1987
2162
1032
2673
2027
240
324
2436
1391
1426
966
238
2111
2161
1866
532
1470
1916
2060
2352
165
18
543
1578
538
505
697
1688
2031
2258
2584
2542
2165
2974
1351
2145
1457
1274
2137
1309
557
1813
1063
1034
2762
882
72
529
2839
782
1177
2603
862
170
271
746
1438
2325
111
1
1228
2224
469
141
859
656
124
1496
1339
1741
2278
204
1942
2882
601
1369
1079
1514
24
523
2050
2773
1604
2685
966
125
748
2420
1455
1558
1426
2220
2712
2842
446
1327
2181
819
2778
2099
1340
2614
1752
644
1091
1153
57
1776
2356
2141
878
1862
2009
1904
1458
1686
2976
250
411
1358
398
1448
671
2501
716
241
1593
2521
2284
1600
780
2608
1843
1543
2651
951
1416
1714
2133
2848
2429
1638
1820
2988
176
1468
1038
87
324
1971
716
2231
629
2461
1361
2882
385
894
1349
1493
1035
2050
475
1005
744
1034
2038
2662
1100
2738
816
1384
1168
1785
584
975
1594
2168
2777
750
102
2862
29
1936
1708
1025
952
1049
231
2716
589
907
2596
1337
204
1165
1713
1152
1228
2896
2985
277
524
142
1523
2312
2356
2085
2097
933
239
766
1985
406
47
2148
1405
2030
1415
394
458
873
672
694
613
2345
864
1277
2831
1044
1065
444
1675
2837
2636
1946
1417
2980
1404
280
1636
808
2987
2601
1126
1642
1926
222
1566
6
988
2422
2594
2828
1489
518
1415
2194
1720
1761
1603
2395
2365
1956
2429
1130
30
1216
916
2190
1510
1605
304
1785
833
713
2346
1017
1129
1535
500
1631
1977
172
2478
2202
2029
177
1443
2381
468
746
933
2468
418
429
523
863
2032
969
2786
36
1333
91
2701
98
1589
165
2454
2470
397
2177
934
360
2791
1218
435
715
1827
362
2008
321
222
976
662
603
1936
2646
2395
1020
496
575
166
821
1312
2809
1799
2301
2355
2990
1391
166
2706
166
366
1119
949
1218
2903
13
1239
108
161
996
1320
837
2865
2757
1212
2772
428
202
2359
34
495
2649
2249
844
2310
1319
2629
2531
1887
857
682
22
269
948
780
234
2455
1815
1549
2566
661
14
974
2498
2804
2559
432
1103
1834
553
1145
1822
640
907
884
942
2762
1706
2203
1281
1838
2428
23
2730
1630
79
2305
145
162
11
676
1068
2030
1990
154
215
1775
1302
2231
1551
317
604
1314
1465
1267
2844
2780
332
2607
336
319
201
762
526
1650
607
558
1666
794
96
2123
2947
1270
1643
1847
916
2978
88
1271
1256
1414
2217
1274
638
891
1875
2878
731
314
1006
1758
2225
1692
2333
1596
476
1009
2814
1846
978
2167
211
1933
2216
1932
1685
665
2891
778
2989
2411
568
573
983
595
2952
1941
2262
1097
1946
2380
2444
210
2759
1799
1032
775
2913
2464
1676
989
1231
324
1291
1657
2989
404
932
2704
2838
2816
2566
1908
2374
1708
377
2758
439
1944
2808
1047
206
1148
1954
2806
533
1044
1260
1669
581
2246
2213
221
1779
1980
2713
1982
2907
651
477
1166
1235
2316
231
1728
597
1302
2492
912
550
1724
2133
2439
1421
2660
501
1678
1195
215
1455
664
1258
2514
2265
1815
913
291
1760
926
1401
13
1690
146
607
1991
308
2729
2951
2709
2389
630
713
274
1976
1254
1198
589
68
403
2709
1218
299
393
2088
2141
2584
499
2352
130
1232
264
263
555
1632
2856
2565
1168
928
720
1615
2613
1255
1218
1881
1268
1115
2678
732
2671
2637
67
1430
1415
1250
235
1757
1041
1394
1931
1908
2118
510
2231
1586
1721
506
475
2504
1826
857
2457
533
1868
2365
1672
389
982
213
2276
968
2405
1616
2581
1604
1549
843
2885
2202
1357
778
656
1333
1423
1774
126
1395
1914
2592
2752
564
1267
2194
524
2811
659
2411
2667
1146
1374
2869
2445
1777
2721
1449
575
2751
816
2784
2545
778
2355
1457
760
2103
2356
2555
1407
2742
2809
1565
2042
1079
1898
2290
636
1738
2124
2299
743
2521
1515
995
1981
1269
1187
2684
1791
1288
1273
2656
2500
471
2207
1696
1237
1232
1165
1463
2785
2857
827
2463
2418
2924
209
807
1473
2870
1228
95
1798
2884
1186
16
1943
2493
2417
1546
2741
1050
50
2711
1042
1990
303
698
1517
1715
977
357
1991
2112
1238
1070
1408
1736
924
1557
1148
1573
341
1546
130
1932
224
1368
420
233
597
1710
879
2104
374
2300
486
2038
125
1375
1040
2398
1839
920
2089
882
2885
1051
11
1340
81
2098
950
1298
1846
2718
1394
2454
2907
2433
20
2969
1047
1969
2593
366
2248
738
2966
1628
974
2106
2038
2531
2546
1956
2427
2705
2946
1318
722
2441
2852
851
20
916
2971
2736
2910
20
517
2906
2870
2543
2066
1442
856
48
120
2688
1364
811
46
2652
850
38
2586
790
1974
299
2910
1140
790
2233
2681
2042
1905
2726
1986
1102
166
1868
1800
917
2864
1798
427
1183
1663
2784
2817
1723
377
1748
1732
83
2000
1654
2086
367
1150
2902
1614
2034
1081
1399
569
1544
2112
355
1142
1127
1914
2
1871
1273
1940
1434
2211
2211
1369
2659
993
2460
1493
2700
1319
2666
689
2443
1337
826
68
654
1379
789
1267
2012
90
2752
742
1509
1104
748
1948
2080
2120
2887
2051
417
751
349
139
1366
1997
914
2892
2018
2166
834
2927
280
1116
682
2501
487
2182
132
2051
999
2505
1870
306
386
2923
2522
2582
2876
159
1427
452
645
1002
1102
2218
2637
806
1186
185
526
825
308
135
979
2346
214
305
1474
2861
1281
2067
1442
928
693
2034
2450
1224
2930
1517
2719
2351
2125
2083
795
1569
85
216
2742
2349
2429
1491
1747
2457
2378
1251
464
2183
1617
2069
1988
2693
292
2969
2243
1279
690
558
822
597
1201
2464
449
609
814
450
1693
1469
1439
626
1364
598
2608
2212
2301
2246
664
2012
2079
581
356
738
361
2032
2656
1050
111
1602
2759
2507
2198
1297
212
1876
2735
2754
525
386
1964
813
2460
1962
711
2383
6
2376
2189
571
1717
2138
1310
1531
2664
2744
2601
2296
743
646
694
2680
661
2361
87
1861
2859
2477
1976
1716
330
2624
2416
2133
1516
411
2033
21
1807
2918
1192
1341
892
1878
2689
1225
1774
2804
382
977
1486
2062
264
869
2225
1196
1927
1295
2940
2852
1980
1836
2155
8
55
797
594
1842
466
2820
1587
306
2939
1950
2985
2036
264
704
1611
183
516
786
1660
2328
2157
2556
1018
1826
584
2223
1921
1629
378
1817
577
1214
222
357
2749
1143
68
292
1068
1529
2857
2740
217
1998
298
2150
352
2224
2726
380
105
2748
2297
924
1965
1899
214
1712
2121
940
2032
1896
2365
2125
1820
2280
2979
128
1583
648
2744
2189
1152
2653
908
1595
875
2714
1479
2943
2954
2190
2682
1709
2531
1748
2484
1027
87
2052
1580
1184
906
338
2785
1801
578
2636
1824
1775
749
2839
2570
1180
672
1094
2371
2996
1132
2189
323
1637
2066
1203
646
1394
1226
2996
1652
2529
626
56
1547
1831
1250
1529
558
516
1512
681
412
2618
2928
1722
1471
931
587
1679
1486
1696
1507
208
1366
2672
1086
977
1838
162
1988
1695
1740
783
1891
2093
1779
1375
152
49
1704
1649
2816
1946
1798
164
2120
2810
2739
529
1013
2908
2922
221
2155
2651
2221
2736
688
1950
2796
492
795
749
1513
1433
2024
476
638
2479
1336
723
2162
596
2723
2284
408
921
2807
894
2365
2624
620
2198
604
500
112
1410
968
2869
1066
1374
1188
2243
2069
1613
747
2949
1696
2031
1492
2737
1126
2972
1003
1017
1239
1802
222
2347
1749
2812
2530
2839
2059
1289
261
1011
2527
293
1711
2360
1553
1169
2565
2910
798
1485
128
725
2093
1969
2703
910
1497
1083
1596
2689
950
552
1651
2075
1079
1020
1530
1841
2248
1289
2863
1512
1150
289
1592
901
2186
2596
1848
242
436
728
2268
965
2138
2242
1397
1392
2764
2264
1758
2885
2061
1183
78
1014
2471
2949
2650
482
37
2929
103
621
651
2511
2479
1985
2203
562
1910
856
403
2186
2929
2049
1766
2921
1347
271
1967
1579
66
258
1323
583
1628
1252
436
2956
1253
1677
385
1100
687
1546
1175
1778
2564
1116
1368
572
911
2153
887
1622
1528
2290
2064
995
2991
1502
2300
168
2431
2157
334
1417
2222
470
253
598
2175
84
1400
626
2293
467
525
1730
1962
1871
2619
2730
1285
2576
1924
666
1213
632
496
2337
1155
551
2730
871
28
1828
1947
1876
1909
2821
1538
2413
804
1542
1637
2713
1754
1282
362
1773
2220
2868
2654
2866
854
2537
1083
2302
2363
2506
2544
1365
45
350
1492
721
67
626
1220
796
2318
2393
1344
700
2169
1914
2031
410
1383
1055
398
1222
233
1303
1780
2528
786
920
1851
99
2300
1509
421
1289
1536
1841
2038
2362
1627
2157
628
2809
981
2511
2116
1038
788
2371
2535
1016
2397
2816
2724
1562
2898
314
1427
106
1172
1050
536
290
2280
2424
2958
1350
2109
2553
2651
2055
2886
179
457
2582
1552
1312
1447
1163
1880
1303
1211
2278
226
2082
1604
1793
2680
555
1805
1352
2260
2997
1027
1470
813
808
2210
1516
774
2516
2143
137
1809
2271
1698
1161
1942
1867
2873
326
2604
355
1144
2438
2016
2022
789
1370
2830
1208
2706
1060
844
750
1095
2013
1843
998
1028
1130
986
180
1358
1824
2987
2578
1421
806
1057
2757
709
2092
1312
2360
2643
281
959
1496
1657
3
1626
1720
1914
1795
1580
1817
2398
2750
1151
2966
1611
2851
2235
2088
1053
63
1918
1711
522
2449
109
691
552
576
225
1163
2572
2546
1523
1392
1461
856
1251
2179
1300
2656
1393
2844
1970
2657
469
547
1995
570
2410
1565
2460
1477
1008
2601
302
2092
561
2237
610
25
2701
1174
1747
904
332
1674
2006
1677
1475
1079
2326
2780
2054
1496
2870
989
256
675
2216
1984
2956
2634
381
2764
1501
166
1528
903
2628
3000
2853
299
2339
2616
2571
575
523
1619
1772
316
2358
358
459
1611
234
554
1559
533
1701
2008
1236
1484
2215
598
2840
2068
2844
1459
2477
2560
472
2245
2284
1091
1939
1725
44
631
2599
1294
1845
2286
2925
1484
1371
800
2850
1914
2580
947
2143
1871
805
1172
2099
1177
2146
671
2162
1906
744
589
1906
2822
2871
1305
2170
327
1429
1373
66
1426
1907
382
2321
2188
1038
999
1165
578
2646
1005
2804
1
721
1145
1550
2497
467
1286
1858
1742
1566
393
1252
1222
2573
1932
1349
967
2843
2782
1963
2685
560
993
1876
1872
2887
257
2143
1801
777
618
2676
723
2943
813
871
1239
1407
895
1677
1144
1935
289
468
946
2444
1616
2558
2587
1244
2939
1854
1440
104
1974
409
2426
2100
2558
1940
2091
2253
1922
1653
2068
2047
885
2059
2635
486
2227
242
199
182
1213
213
800
839
2761
2314
2306
2799
2620
1917
423
440
178
462
330
166
100
1836
2037
248
2144
137
30
2231
2028
671
2533
1107
1755
1764
1793
764
2681
2760
521
1030
2066
2872
64
2977
1375
2945
1253
2049
2058
1718
2249
2403
2237
2084
881
2152
2302
1429
262
1481
2704
2627
109
2555
704
1153
287
1148
1334
2196
447
2910
1550
2969
1644
2906
1510
1422
1582
2179
180
817
1218
2351
745
2291
2347
1877
210
450
2243
349
2136
2399
1642
2981
1949
1472
2654
1160
2491
2183
2367
2200
2584
934
188
1686
1550
231
50
1299
520
2957
1639
2787
1409
2680
1887
1359
2619
2269
1144
2938
1951
2616
2570
254
2953
1368
82
2006
2106
1441
702
2053
1943
2596
2390
2015
836
2083
241
1974
1754
621
27
2407
204
1670
2057
1356
2790
2754
2192
1465
1469
420
2419
1012
2576
2540
365
552
697
826
1287
2165
566
528
434
1086
2720
355
927
2489
835
2961
824
826
1711
2556
579
2099
378
266
362
316
2588
709
2669
484
1125
2738
2521
1039
2322
868
2229
1420
414
769
2701
800
2238
2665
2566
172
687
243
2426
1071
1377
1594
813
62
1519
2676
1558
2216
370
1391
381
1766
2013
10
2345
2556
1164
1376
1103
1065
774
1873
1453
2562
1466
2326
1531
1511
2888
1636
1590
2095
2760
1268
1578
762
2739
2299
1941
2333
296
2197
841
2637
373
1531
1916
2979
982
142
301
1723
2266
2257
2740
501
1306
1456
1801
2221
1531
1969
1873
2668
837
355
42
676
1991
1538
549
383
2540
1079
72
1288
2100
56
1180
1851
1959
2479
2598
1910
2061
2668
950
2726
369
2217
945
2486
681
1990
2090
2024
1359
506
1293
2448
1597
2029
1387
2167
1434
361
429
149
1691
1685
2483
2766
836
2562
189
2201
1798
1914
866
1767
1405
2431
1395
554
1991
197
1203
1705
1051
1672
212
2218
2833
914
340
890
909
2277
2350
2503
2535
1423
243
1711
1736
1971
1689
1498
2011
1933
428
2285
320
127
536
16
838
1634
25
1610
14
2824
1270
201
2920
2450
2842
2893
1825
1501
1211
1912
72
1817
265
565
1859
1495
2059
2607
539
1139
1268
2589
2956
2496
2202
172
1247
264
91
996
2884
1703
1865
1428
71
1535
132
1297
1188
981
525
2698
1401
2495
1845
713
2818
1463
1161
311
2117
1635
1274
2699
892
23
1838
140
472
1937
1148
2277
549
2925
188
1976
2724
125
1474
357
572
2667
1220
2901
2730
878
2514
888
2503
2065
323
535
1157
1783
560
2869
2515
2432
1056
2095
615
2873
1664
1749
533
2565
237
1067
2726
1154
1166
158
450
2952
1611
835
2896
2793
406
2130
1997
265
717
2286
2340
2342
2871
2608
1861
1900
73
54
1798
2088
29
1518
1292
282
1129
2925
939
246
691
1718
1509
1468
1843
286
2525
1690
134
1176
2965
618
2862
1961
472
1979
26
2683
2507
2669
970
842
1584
2463
1773
1733
317
1930
915
468
335
1405
2898
2656
2939
1668
1751
1816
649
867
2876
485
1742
614
849
2682
2478
2725
1517
118
151
1316
1987
2951
1125
470
1068
2569
327
2616
362
267
2344
2411
2637
1062
2052
796
218
1989
2234
732
1508
546
2711
1336
2242
2822
2886
102
560
385
1270
2206
931
2426
1378
650
892
603
2407
1178
134
2825
1076
207
559
1507
2665
373
695
1828
2500
1874
2307
325
2483
824
927
762
1695
47
66
2948
784
426
1530
1781
850
2371
881
2266
66
1920
2121
1857
1631
1736
304
2924
1031
1119
1831
97
1771
920
2615
1343
1923
2786
2577
995
2259
2924
2360
811
2549
1088
2932
1726
2629
1543
1704
185
617
2942
1114
1583
2084
1786
881
865
662
2131
780
2632
1228
125
1698
2877
585
2814
2884
1876
1926
1837
508
886
2724
597
2215
2190
1706
2906
1977
2715
2954
1912
553
620
2471
1271
2201
1613
2656
2743
2481
1359
1214
2474
2478
2681
160
2956
1905
228
614
2182
1670
2276
160
1413
2883
2806
2877
314
1016
2733
2410
645
1446
2248
2570
2539
1256
2580
1681
2205
1021
531
1098
36
1315
1450
36
2253
373
1182
995
256
392
2228
1339
2661
807
2484
2552
1822
1480
1196
1947
1898
2159
1114
656
1727
478
1833
1391
2321
2924
2325
1471
2073
612
2773
599
1588
579
2398
775
2042
2274
32
2947
1928
1516
173
2622
792
350
583
2636
1462
2412
78
1397
1178
243
1746
240
2151
158
2863
2553
1111
2635
212
476
882
2073
2012
699
2268
1514
1319
2155
1552
205
2302
970
724
1711
1399
1903
1291
1151
2569
1225
1428
2896
1835
2686
1712
977
1340
1820
2882
1035
1934
2246
373
1697
2386
141
2822
820
1390
1706
961
634
1826
289
2699
1832
536
145
685
487
2735
2649
1108
412
420
2904
686
2525
1557
1348
269
975
377
67
1160
2065
7
998
2363
544
1648
629
2387
1842
149
2342
1048
1966
530
1231
520
284
2618
1103
1858
1291
870
2958
2937
2024
766
1374
776
765
449
1101
1558
2685
76
1231
2734
1839
842
1183
1959
1487
1855
2477
24
1552
1010
1515
540
2357
977
1951
1603
736
1563
1985
1428
2530
2562
2339
1740
1408
2547
1877
1794
1658
2092
1306
558
1281
1853
2582
2702
269
1365
2148
221
1085
508
661
123
40
1436
1234
2587
1750
718
948
2296
1105
936
541
2717
28
1267
2285
1277
2028
894
2241
2294
1459
475
876
1879
2487
2774
11
2693
1733
1394
2081
301
2152
2903
1518
1425
2158
1809
1748
2298
187
2617
1243
1420
745
353
2090
1976
2162
2391
2019
2592
157
2098
1701
733
735
855
1231
915
231
2875
209
1649
2890
2278
2860
2994
1398
1834
115
1086
584
1009
768
2912
2685
565
787
1402
2542
2122
2896
2683
2095
2033
402
307
1607
2188
2600
478
401
502
2912
2888
554
540
596
744
647
2129
1953
3
2435
2530
2373
2786
2306
1810
1641
1107
2739
2096
1274
226
843
2096
1958
1938
216
1186
1915
854
2790
2738
2802
160
2286
980
147
1467
2984
878
868
2064
2819
507
2262
690
987
2485
2788
2006
1023
2757
491
868
2777
1287
520
889
1064
762
798
2979
2282
1010
2532
2646
2436
888
1181
2010
1902
2289
2017
1375
1798
1273
1329
958
1614
1032
708
720
1866
2621
1772
145
2392
2704
1867
2005
1154
817
1267
385
617
2068
849
2127
2962
1288
1782
2994
2208
92
2977
1741
853
625
1117
2147
2753
2558
809
1555
2162
566
2287
410
1134
982
1678
2714
2881
411
2983
243
2122
663
208
1894
1935
230
454
2790
2021
1229
1458
2386
2218
2195
970
2742
1576
2756
2575
2555
1497
1883
1667
1280
2588
380
1864
2886
2257
513
2747
991
2438
1259
1175
1531
999
2314
1968
1056
635
2893
2464
720
2257
285
1554
123
334
863
2846
913
1926
1806
2190
2941
1179
2919
1791
1060
890
2902
368
2716
439
1395
2598
2040
321
2125
497
360
1447
1807
902
1040
2372
1355
2365
1850
1014
648
86
2063
2223
2710
2698
2493
2927
559
2337
2819
599
991
638
2492
1972
1072
633
284
1240
2311
878
156
610
1605
2887
242
1292
1635
2002
492
1507
780
1997
2003
1734
2206
1995
2130
860
2023
2963
690
813
2288
26
974
321
2499
241
273
1114
627
73
2027
1344
1581
257
106
2436
2238
22
353
2778
1483
1941
2231
235
496
1030
409
1609
1299
23
734
1614
2192
2848
424
2839
2014
1216
1942
849
1252
26
978
1852
903
808
1928
1903
2545
2820
2419
2268
982
1897
1450
2132
1420
2961
1146
554
270
1843
1474
1517
1022
1278
2972
2020
2132
1247
1173
369
1775
248
2102
173
1848
2365
302
2975
622
2066
2090
1844
308
925
87
2385
875
2812
2225
31
104
2405
385
1023
1415
999
845
421
456
969
1583
1368
1965
1075
1505
720
1520
2196
2384
653
2921
738
1881
2658
283
17
382
2348
2093
1420
2863
669
1419
1220
57
827
1185
1988
2982
2045
577
322
2028
101
2669
2190
70
2855
43
1004
504
1026
1011
825
1055
2167
2102
1331
296
1053
274
2736
108
1679
1513
868
1737
2878
1577
2509
2238
1920
1371
760
397
74
2590
1894
465
2875
2008
750
1305
1500
2364
858
1565
891
2615
503
2781
1984
2313
1704
2692
1728
2719
2396
2340
175
2886
2915
1130
663
1607
2486
1155
2260
646
261
74
2008
2133
2357
1109
324
282
895
2675
2356
2737
1068
2258
2277
978
1205
1720
2965
1936
355
1733
2843
671
2469
2031
1813
437
333
2337
873
2339
2948
2077
578
765
1054
2407
2937
274
2394
750
224
2020
675
2447
1439
1684
983
1687
1096
1737
1075
342
2748
765
1101
1713
242
489
2174
1414
1880
2219
150
185
1674
650
398
1021
1901
2751
965
1360
2532
2421
2242
1280
2985
1127
2165
261
203
1215
1155
40
2806
2288
1911
2380
374
2338
2431
873
2337
1492
1884
647
1494
1343
32
58
1144
1577
657
336
1128
2528
335
2385
2041
70
432
941
2897
553
1210
1694
2802
2365
2114
795
1306
2391
2839
890
1792
1024
894
2617
394
961
1276
2371
2120
774
1856
2701
2589
553
2505
2301
48
286
2870
78
1379
1798
2710
1114
760
2760
979
2960
2385
70
479
561
1195
1435
532
1148
2473
2267
1620
1515
89
1109
2023
652
2440
2861
800
1038
2626
856
1594
1653
482
423
2145
1290
1306
1860
1610
2598
323
1999
1193
892
2354
2708
1837
387
1114
959
1112
2333
2444
2087
1335
1642
2667
2174
2465
1426
1842
1827
2313
1685
738
2415
2975
462
1733
2391
1476
455
1117
1025
911
134
2173
1587
536
729
2548
2579
1958
1242
2994
2331
2845
765
986
2157
1259
173
1004
534
2641
204
2464
2389
722
1009
2444
415
1633
150
900
1384
1626
1958
846
2259
630
798
1516
10
374
1021
1510
1251
2350
2677
2079
65
2978
1595
1165
453
1837
2731
1910
2193
445
680
478
2137
2921
1948
2185
1021
1964
883
290
1770
313
1752
892
2861
1109
1580
594
2541
2174
1559
390
1056
367
2142
1440
176
748
1213
544
1813
798
2148
2410
1709
2773
1953
139
1100
2351
61
2243
905
650
2615
169
1611
2290
1540
145
838
1136
2692
1558
4
533
179
2796
452
1888
2090
1304
364
215
2680
2571
427
2137
708
666
1133
372
929
257
2662
2495
1294
2315
481
1790
2370
1569
1021
1438
539
1682
2029
845
1057
2930
1586
1618
529
512
2529
1216
611
956
2731
2039
1823
2232
1728
1845
1966
1482
526
2621
1039
1054
632
2833
1192
1947
1640
786
1530
58
1039
2944
2233
2199
235
2728
1293
1752
2854
1156
2483
813
2526
2109
1809
702
612
2230
1382
1642
2396
1942
236
2896
2525
988
1444
2917
336
385
2695
928
281
1500
2267
2106
1707
1305
2724
1849
1609
1399
2197
689
1932
1961
2836
1762
641
2239
239
1101
589
1945
1651
2738
2558
2444
2876
2113
1173
1440
1028
1139
2835
1662
690
2847
1123
1700
1279
2369
1330
1625
347
1028
2870
2755
2755
2792
2488
709
1519
776
1774
2301
1486
461
694
358
707
466
799
690
791
2857
63
529
2507
561
136
974
958
982
2311
2400
1228
2125
1791
2374
267
480
2318
578
1270
1993
2065
2342
1190
2236
574
842
914
2182
100
1284
2972
410
2836
950
2900
679
248
2805
2040
739
1849
1904
2451
297
279
2756
1268
351
122
2056
2502
1253
1228
939
531
1211
2770
2022
1454
1647
284
25
483
2403
992
2818
1052
1014
157
2973
159
1557
503
566
1749
126
1472
2283
1360
1622
1356
1825
2670
1120
723
536
2656
646
2884
2093
2969
351
175
1999
2123
1370
2184
1093
717
1976
1509
2975
2597
146
2477
1976
1192
484
1157
311
435
1734
688
2196
1629
1600
608
1067
1094
1737
334
2674
108
1288
328
2174
1302
1655
2450
2010
137
976
1241
1018
1617
2846
613
2861
1089
156
524
993
1969
141
1441
1326
483
2096
871
2878
2466
1477
1365
2590
1407
2520
2230
252
368
1190
2931
2851
2787
1462
2774
2094
2498
2665
2560
2359
2926
1626
1310
2757
846
92
527
2228
1828
1296
1962
344
2588
1773
566
1459
1952
1216
822
547
1472
759
712
366
1998
2800
2970
2524
2931
2923
2150
522
290
196
1982
2416
1429
2137
762
2990
2330
944
22
2740
2910
2176
256
752
1191
1030
349
2344
1326
1771
862
1198
936
2905
2892
1029
1759
2555
82
1958
1277
510
1789
1033
842
353
2578
1392
2750
2223
2528
1445
799
2624
515
1103
2816
2958
1336
922
2356
638
833
1373
280
569
2969
30
2519
977
1077
2402
2264
19
2269
2407
421
258
802
534
2663
58
9
1660
2320
1322
582
355
842
2324
728
2042
2399
2179
145
2749
1226
2025
1020
1175
1232
2141
1727
2811
167
1639
581
405
1328
2013
818
2000
2838
942
1655
2836
2571
1738
1327
2213
1193
2844
2618
2996
2866
370
1482
2491
169
705
247
2273
2003
886
1284
1528
266
63
2842
1900
2038
805
1046
2636
837
1357
1987
1116
1949
2235
948
367
839
61
2113
75
1901
2973
2591
1330
256
84
925
2677
441
2602
534
1840
2264
2153
1744
2778
804
1951
2352
580
1352
1781
1931
1505
1458
2739
901
2342
2574
861
2531
1160
1959
833
148
2754
1317
1018
1587
2697
2302
1148
595
1115
1306
1714
749
1808
22
2877
2980
433
822
384
2132
1407
2117
129
1678
1873
2998
2570
104
95
2445
1411
2804
2321
1830
2675
509
72
1841
1770
222
2744
970
1852
1218
2074
2360
1030
1451
22
2051
1781
1600
1382
1224
1938
1145
915
2316
559
2442
2914
2243
146
696
2886
2397
2919
485
233
1889
1925
1569
1218
2511
1706
1512
1212
267
524
931
2702
755
2302
1382
1392
729
1760
1741
1073
1362
1703
1959
94
1519
303
2613
1836
758
2
1431
1778
1266
2686
408
1899
2060
1563
520
1982
1764
2847
1931
2241
2651
2584
2470
88
925
2849
2803
1547
77
2186
684
1992
228
123
2302
2027
2877
2106
721
1947
2386
1980
2439
761
460
57
278
703
629
2908
159
1650
1803
15
618
1693
751
168
2576
2765
2287
2110
1084
1519
2400
1885
775
2482
2074
870
1245
2533
2776
2316
2694
1849
1413
1048
1078
1061
2870
178
473
1816
2862
1685
1852
344
1640
90
804
111
2128
1853
2652
1499
301
1361
124
1612
1264
1691
947
1087
1663
2333
2505
2067
6
1935
1529
1557
350
1180
2415
2997
1831
1736
969
2446
1269
2123
1491
2350
746
440
819
1858
131
944
829
1069
1955
2472
2330
655
1298
1049
81
1375
770
1469
1235
1364
2264
1061
374
2681
1467
2089
310
2602
2381
1432
1504
1699
2143
2248
1861
1605
2905
977
257
2207
733
1454
672
1587
615
1627
1878
740
983
2400
2043
1107
1576
1773
1075
83
1862
1168
665
1424
2273
2168
457
1443
2904
1499
888
1554
2187
2703
2609
337
2653
642
70
2118
1737
2482
1386
992
2893
2216
1598
222
757
2532
217
516
1422
1981
1662
2918
385
2809
317
2983
2312
2619
2246
2371
1616
1384
2150
1219
2355
1231
2437
1266
2216
792
2025
759
1216
1112
2981
1044
1537
1735
1862
203
2699
1993
17
637
1861
1950
1372
1527
2852
346
31
1149
231
180
2544
1489
393
1236
1129
1014
1041
1400
876
2612
2769
1692
781
2677
1156
1628
2974
279
353
345
1350
1949
1697
1264
1202
1231
2381
2387
2509
2759
2901
621
2433
1159
979
444
1090
2417
510
627
2738
1361
748
815
2503
1138
1829
470
870
1786
23
2761
414
463
2146
435
2055
2617
1344
539
1938
1573
1298
771
317
1951
99
1972
319
1326
761
585
622
2102
607
1286
1826
344
850
2867
940
753
2031
2766
1808
1204
1532
2764
2695
525
204
2885
2529
776
1170
1307
608
1636
1779
647
676
289
62
2559
2686
468
464
1128
963
485
956
2022
2677
734
2471
641
2429
2787
397
1277
2624
2843
2750
557
348
323
2913
1623
2972
1795
653
1350
1936
1237
121
1191
1467
211
1722
2400
2370
2233
141
704
2491
1082
2252
2617
582
819
2350
2866
1175
938
1690
2952
402
2452
1349
2963
2248
1338
989
772
1112
953
2429
651
739
1708
968
2340
865
260
919
1561
1935
2324
322
578
2695
2765
2217
2018
2489
1577
569
2761
1867
2891
344
902
1662
2610
1591
220
163
1010
873
1449
504
267
1519
377
1232
710
2260
2947
237
2058
1571
2530
559
562
362
282
2980
2016
2167
115
2404
2603
2641
2081
853
807
1509
1746
1099
382
2044
2821
1138
1295
2781
750
2347
198
2483
2620
192
2442
834
2197
145
1878
643
1458
2551
2594
2390
611
1252
1468
437
94
873
1262
2259
2952
1563
2682
586
1753
2367
1509
277
2190
1554
1279
967
1548
2865
1699
1392
1361
1244
1636
27
2392
804
2822
685
1130
1938
187
1718
1402
2789
223
1425
1867
2616
1225
347
703
496
2510
2411
862
2699
1772
2386
1454
2067
2177
2367
2149
2588
2126
917
1551
543
2834
334
2465
232
2113
1426
2310
2634
572
1427
1290
353
1237
822
698
2000
2309
1217
2998
127
2605
1681
873
302
1265
2358
2024
2357
2768
2047
767
1906
707
2778
1834
1270
2489
2558
1481
236
1868
1980
2354
2168
10
1380
1279
153
96
768
513
1182
1695
2629
1775
135
125
169
127
1810
707
1869
1911
1477
907
2441
1688
1435
521
2768
1209
1232
1940
2545
2709
2948
2843
1714
148
2720
1791
205
1273
175
46
1452
2122
503
2868
1470
74
145
2233
763
35
2097
933
685
1799
633
2202
165
2457
1187
2324
2934
625
2414
2933
2923
49
329
286
2353
644
387
591
1544
2815
2857
1697
787
1138
768
891
2463
2220
382
2861
1651
455
450
2979
1563
808
2689
1936
1702
2292
1010
2261
912
1178
818
351
2098
1281
1763
1829
1694
2891
128
1514
562
1322
2352
662
896
79
837
435
602
356
2973
2596
2993
859
2989
1996
1436
2697
2307
797
987
428
1225
1497
2725
392
2184
255
141
32
2876
300
2470
1559
827
20
2307
748
441
1401
2912
821
2828
1457
2409
2736
1948
490
2398
2901
974
2855
2940
1832
1980
2610
2361
1829
160
604
2786
2331
1752
1294
68
2603
1373
1201
2911
2445
2061
2858
271
1486
2353
1542
1646
2999
82
2022
2166
1445
1207
235
1700
231
1695
438
15
1852
1816
187
2829
1903
2221
2064
555
1972
2505
2491
26
918
1287
1832
2500
404
2800
830
1238
2947
461
2417
2464
1661
2103
2858
1532
2954
469
1583
1509
1253
60
830
2126
74
262
278
140
1765
1973
2351
1491
2570
544
792
814
1794
197
156
413
935
576
433
406
1963
2663
833
412
2669
209
653
856
360
612
569
2927
653
679
525
2620
13
629
480
670
1222
690
567
76
2684
2229
1535
37
958
1274
623
862
2569
1284
129
1703
1837
850
1771
2685
1907
747
1724
947
2503
531
1179
2417
2111
1726
2333
1298
156
660
497
812
32
80
295
875
704
620
1298
1612
1777
163
1316
1026
584
2655
1999
2854
2029
1862
1931
2723
1581
386
2129
2621
98
1147
770
71
992
2703
1508
1357
42
2069
258
160
569
2822
2373
2436
2083
133
546
107
106
1545
2540
2815
2801
1933
2760
2612
744
2490
1162
134
2799
2333
2695
1542
2268
2690
1615
2500
1959
1240
2733
572
260
246
1347
48
1957
367
407
1050
494
2960
600
2748
820
432
505
19
1463
2390
2088
2364
2910
2045
2764
106
2384
831
1070
1087
2041
152
586
331
221
1238
2482
1146
1359
1361
146
2020
812
2810
327
1680
2538
1752
981
2578
2869
2283
1805
185
1466
1180
1098
473
2866
743
2047
2021
2585
614
1980
1270
1971
876
1360
2793
400
942
1932
2113
2985
120
189
2996
2064
2500
1733
1808
471
1525
1671
2390
791
1867
110
312
1981
266
1917
322
1437
1029
1025
193
1576
259
466
1064
1272
2231
152
599
2388
2486
2970
1948
2929
2263
955
1927
1347
157
339
2511
2664
2296
203
1342
1353
2203
1733
197
1341
1546
247
2244
1798
2097
2748
1273
463
225
1058
1117
2368
2153
2985
2915
750
2433
2353
2084
1033
963
1870
2259
2863
2766
1738
598
490
1649
2553
1904
1113